0 0.526700 0.288645 0.026981 0.050965
0 0.584036 0.336612 0.026981 0.044969
0 0.640528 0.290144 0.032040 0.047967
0 0.661608 0.464025 0.026981 0.071951
0 0.717257 0.480513 0.037099 0.068953
0 0.765318 0.359097 0.042159 0.065955
0 0.818437 0.305134 0.037099 0.071951
0 0.614390 0.564456 0.030354 0.044969
0 0.460933 0.420555 0.016863 0.050965
0 0.544407 0.416058 0.055649 0.083942
0 0.680157 0.038317 0.040472 0.059959
0 0.772906 0.069796 0.040472 0.050965
0 0.930579 0.128256 0.048904 0.083942
0 0.831928 0.039816 0.037099 0.026981
0 0.690275 0.272157 0.016863 0.071951
0 0.327712 0.201705 0.050590 0.050965
0 0.286397 0.354600 0.042159 0.050965
0 0.161608 0.708357 0.059022 0.044969
0 0.025014 0.257167 0.035413 0.089938
0 0.074761 0.108769 0.037099 0.062957
0 0.122822 0.526981 0.038786 0.017988
0 0.346262 0.456530 0.043845 0.038973
0 0.279651 0.556961 0.062395 0.053963
0 0.366498 0.601930 0.020236 0.041971
0 0.315065 0.783305 0.028668 0.044969
0 0.197021 0.846262 0.055649 0.032977
0 0.906127 0.828274 0.124789 0.116920
0 0.871557 0.568953 0.045531 0.065955
0 0.821810 0.679876 0.094435 0.107926
0 0.528387 0.117763 0.057336 0.038973
0 0.204609 0.032322 0.037099 0.053963
0 0.228218 0.167229 0.074199 0.077946
0 0.143058 0.300637 0.065767 0.050965
0 0.015739 0.065299 0.023609 0.113922
0 0.044407 0.440041 0.040472 0.083942
0 0.219786 0.440041 0.060708 0.011992
0 0.461776 0.696365 0.038786 0.044969
0 0.785554 0.973674 0.055649 0.047967