0 0.098338 0.199495 0.075726 0.065657
0 0.141881 0.029040 0.056794 0.058080
0 0.445730 0.140152 0.032183 0.068182
0 0.740113 0.205808 0.071939 0.078283
0 0.919962 0.113636 0.037863 0.065657
0 0.673853 0.492424 0.026504 0.075758
0 0.467501 0.777778 0.064367 0.035354
0 0.577303 0.848485 0.056794 0.060606
0 0.659655 0.974747 0.054901 0.050505
0 0.232752 0.656566 0.060581 0.045455
0 0.068048 0.696970 0.121161 0.070707
0 0.075621 0.782828 0.037863 0.000000
0 0.355806 0.433081 0.037863 0.068182
0 0.478860 0.523990 0.053008 0.053030
0 0.208141 0.287879 0.056794 0.070707
0 0.830984 0.867424 0.049222 0.047980
0 0.741060 0.863636 0.085191 0.050505
0 0.891565 0.907828 0.026504 0.047980
0 0.977019 0.977273 0.045962 0.045454
0 0.992164 0.861111 0.015671 0.050505