0 0.022485 0.131993 0.044104 0.105963
0 0.089938 0.456793 0.018161 0.055285
0 0.133394 0.555846 0.040213 0.078321
0 0.163229 0.376169 0.035024 0.055285
0 0.263761 0.212617 0.023349 0.036857
0 0.147014 0.168850 0.028538 0.069106
0 0.198253 0.156180 0.029835 0.029946
0 0.388291 0.323187 0.044104 0.096749
0 0.276084 0.580033 0.032430 0.112874
0 0.294893 0.309366 0.023349 0.055285
0 0.393479 0.190733 0.080425 0.112874
0 0.532278 0.107805 0.018161 0.108267
0 0.484282 0.205706 0.018161 0.041464
0 0.473905 0.263295 0.038916 0.055285
0 0.468716 0.429151 0.023349 0.055285
0 0.521252 0.320884 0.027241 0.059892
0 0.515415 0.399205 0.051887 0.055285
0 0.379210 0.825361 0.041510 0.064499
0 0.250141 0.924414 0.053185 0.059892
0 0.183335 0.721701 0.044104 0.110570
0 0.102261 0.861066 0.032430 0.062196
0 0.025079 0.832272 0.028538 0.073714
0 0.065292 0.599613 0.036321 0.036857
0 0.056860 0.277116 0.053185 0.055285
0 0.051671 0.394597 0.058373 0.078321
0 0.024430 0.646836 0.045401 0.089838
0 0.436287 0.751648 0.028538 0.055285
0 0.547196 0.605372 0.045401 0.057589
0 0.569897 0.714791 0.049293 0.041464
0 0.660700 0.608828 0.033727 0.055285
0 0.695075 0.417633 0.024647 0.041464
0 0.770960 0.486739 0.044104 0.069106
0 0.643836 0.111261 0.033727 0.036857
0 0.663943 0.021422 0.042807 0.041464
0 0.746962 0.053672 0.019458 0.046071
0 0.715830 0.120475 0.016863 0.055285
0 0.606218 0.204555 0.075237 0.029946
0 0.728153 0.934780 0.049293 0.099053
0 0.498551 0.843790 0.020755 0.027643